-4.688095238095238
-4.688095238095238
-4.7714285714285705
-4.7714285714285705
-4.7714285714285705
-4.7714285714285705
-4.7714285714285705
-4.7714285714285705
-4.7714285714285705
-4.854761904761904
-4.854761904761904
-4.854761904761904
-4.854761904761904
-4.854761904761904
-4.854761904761904
-4.854761904761904
-4.854761904761904
-4.854761904761904
-4.854761904761904
-4.854761904761904
-4.878571428571428
-4.878571428571428
-4.911904761904761
-4.911904761904761
-4.9452380952380945
-4.9452380952380945
-4.9452380952380945
-4.9452380952380945
-4.9452380952380945
-4.9452380952380945
-4.9452380952380945
-4.9452380952380945
-4.9452380952380945
-4.9452380952380945
-4.9452380952380945
-4.9452380952380945
-4.963095238095238
-4.963095238095238
-4.9869047619047615
-4.9869047619047615
-4.9869047619047615
-4.9869047619047615
-4.9869047619047615
-4.9869047619047615
-4.9869047619047615
-4.9869047619047615
-4.9869047619047615
-4.9869047619047615
-5.020238095238095
-5.0440476190476184
-5.0440476190476184
-5.0440476190476184
-5.067857142857142
-5.067857142857142
-5.117857142857143
-5.117857142857143
-5.117857142857143
-5.117857142857143
-5.617857142857142
-5.617857142857142
-5.617857142857142
-5.617857142857142
-5.617857142857142
-5.617857142857142
-5.617857142857142
-5.617857142857142
-5.617857142857142
-5.617857142857142
-5.617857142857142
-5.617857142857142
-5.617857142857142
-5.617857142857142
-5.617857142857142
-5.617857142857142
-5.617857142857142
-5.617857142857142
-5.617857142857142
-5.617857142857142
-5.617857142857142
-5.617857142857142
-5.617857142857142
-5.635714285714285
-5.635714285714285
-5.635714285714285
-5.635714285714285
-5.635714285714285
-5.635714285714285
-5.635714285714285
-5.635714285714285
-5.635714285714285
-5.635714285714285
-5.635714285714285
-5.635714285714285
-5.635714285714285
-5.635714285714285
-5.659523809523809
-5.659523809523809
-5.659523809523809
-5.659523809523809
-5.659523809523809
-5.659523809523809
-5.659523809523809
-5.659523809523809
-5.659523809523809
-5.659523809523809
-5.677380952380952
-5.677380952380952
-5.677380952380952
-5.677380952380952
-5.677380952380952
-5.677380952380952
-5.727380952380952
-5.727380952380952
-5.727380952380952
-5.727380952380952
-5.727380952380952
-5.727380952380952
-5.727380952380952
-5.894047619047619
-5.977380952380952
-6.477380952380953
-6.477380952380953
-6.477380952380953
-6.527380952380953
-6.527380952380953
-6.527380952380953
-6.527380952380953
-6.527380952380953
-6.527380952380953
-6.527380952380953
-6.527380952380953
-6.527380952380953
-6.527380952380953
-6.527380952380953
-6.527380952380953
-6.527380952380953
-6.610714285714287
-6.610714285714287
-6.610714285714287
-6.610714285714287
-6.610714285714287
-6.6607142857142865
-6.6607142857142865
-6.6607142857142865
-6.6607142857142865
-6.827380952380953
-6.827380952380953
-6.827380952380953
-6.827380952380953
-6.827380952380953
-6.827380952380953
-6.827380952380953
-6.827380952380953
-6.827380952380953
-6.827380952380953
-6.827380952380953
-6.827380952380953
-6.827380952380953
-6.827380952380953
-6.827380952380953
-6.827380952380953
-6.827380952380953
-6.827380952380953
-6.827380952380953
-6.845238095238097
-6.845238095238097
-6.845238095238097
-6.845238095238097
-6.845238095238097
-6.845238095238097
-6.845238095238097
-6.845238095238097
-6.845238095238097
-6.845238095238097
-6.845238095238097
-6.845238095238097
-6.845238095238097
-6.845238095238097
-6.845238095238097
-6.845238095238097
-6.845238095238097
-6.845238095238097
-6.845238095238097
-6.845238095238097
-7.345238095238097
-7.36904761904762
-7.402380952380954
-7.402380952380954
-7.402380952380954
-7.402380952380954
-7.402380952380954
-7.402380952380954
-7.402380952380954
-7.402380952380954
-7.426190476190477
-7.4595238095238106
-7.4595238095238106
-7.4595238095238106
-7.4595238095238106
-7.4595238095238106
-7.626190476190478
-7.626190476190478
-7.626190476190478
-7.626190476190478
-7.626190476190478
-7.626190476190478
-7.626190476190478
-7.626190476190478
-7.7928571428571445
-7.7928571428571445
-8.292857142857144
-8.292857142857144
-8.292857142857144
-8.292857142857144
-8.292857142857144
-8.292857142857144
-8.292857142857144
-8.292857142857144
-8.292857142857144
-8.292857142857144
-8.292857142857144
-8.292857142857144
-8.292857142857144
-8.292857142857144
-8.292857142857144
-8.376190476190477
-8.376190476190477
-8.376190476190477
-8.376190476190477
-8.376190476190477
-8.376190476190477
-8.376190476190477
-8.376190476190477
-8.376190476190477
-8.376190476190477
-8.376190476190477
-8.376190476190477
-8.376190476190477
-8.376190476190477
-8.376190476190477
-8.376190476190477
-8.376190476190477
-8.376190476190477
-8.376190476190477
-8.376190476190477
-8.376190476190477
-8.376190476190477
-8.876190476190477
-8.876190476190477
-8.876190476190477
-8.876190476190477
-8.876190476190477
-8.95952380952381
-8.95952380952381
-8.95952380952381
-8.95952380952381
-8.992857142857144
-8.992857142857144
-8.992857142857144
-8.992857142857144
-8.992857142857144
-8.992857142857144
-8.992857142857144
-8.992857142857144
-8.992857142857144
-8.992857142857144
-8.992857142857144
-9.159523809523812
-9.159523809523812
-9.159523809523812
-9.159523809523812
-9.159523809523812
-9.159523809523812
-9.159523809523812
-9.159523809523812
-9.159523809523812
-9.159523809523812
-9.20952380952381
-9.20952380952381
-9.376190476190477
-9.376190476190477
-9.376190476190477
-9.376190476190477
-9.376190476190477
-9.376190476190477
-9.376190476190477
-9.376190476190477
-9.376190476190477
-9.376190476190477
-9.376190476190477
-9.376190476190477
-9.409523809523812
-9.409523809523812
-9.409523809523812
-9.492857142857144
-9.492857142857144
-9.492857142857144
-9.492857142857144
-9.492857142857144
-9.492857142857144
-9.492857142857144
-9.659523809523812
-9.659523809523812
-9.659523809523812
-9.659523809523812
-9.659523809523812
-9.659523809523812
-9.659523809523812
-9.659523809523812
-9.70952380952381
-9.70952380952381
-9.70952380952381
-9.70952380952381
-9.70952380952381
-9.70952380952381
-9.70952380952381
-9.792857142857144
-9.792857142857144
-9.792857142857144
-9.876190476190477
-9.876190476190477
-9.876190476190477
-9.876190476190477
-9.876190476190477
-9.876190476190477
-9.876190476190477
-9.876190476190477
-9.876190476190477
-9.876190476190477
-9.876190476190477
-10.376190476190477
-10.376190476190477
-10.376190476190477
-10.376190476190477
-10.376190476190477
-10.376190476190477
-10.376190476190477
-10.426190476190477
-10.426190476190477
-10.426190476190477
-10.426190476190477
-10.426190476190477
-10.426190476190477
-10.426190476190477
-10.426190476190477
-10.426190476190477
-10.426190476190477
-10.426190476190477
-10.426190476190477
-10.426190476190477
-10.426190476190477
-10.426190476190477
-10.426190476190477
-10.426190476190477
-10.426190476190477
-10.426190476190477
-10.426190476190477
-10.426190476190477
-10.426190476190477
-10.426190476190477
-10.426190476190477
-10.426190476190477
-10.426190476190477
-10.426190476190477
-10.426190476190477
-10.426190476190477
-10.426190476190477
-10.426190476190477
-10.426190476190477
-10.926190476190476
-10.926190476190476
-10.926190476190476
-10.926190476190476
-10.926190476190476
-10.926190476190476
-10.926190476190476
-10.926190476190476
-10.926190476190476
-10.926190476190476
-10.926190476190476
-10.926190476190476
-10.926190476190476
-10.926190476190476
-10.926190476190476
-10.926190476190476
-10.926190476190476
-10.926190476190476
-10.926190476190476
-10.926190476190476
-10.926190476190476
-10.926190476190476
-10.926190476190476
-10.926190476190476
-10.926190476190476
-10.926190476190476
-10.926190476190476
-10.926190476190476
-10.926190476190476
-11.092857142857142
-11.092857142857142
-11.092857142857142
-11.092857142857142
-11.092857142857142
-11.092857142857142
-11.092857142857142
-11.092857142857142
-11.092857142857142
-11.092857142857142
-11.092857142857142
-11.092857142857142
-11.092857142857142
-11.092857142857142
-11.092857142857142
-11.092857142857142
-11.092857142857142
-11.092857142857142
-11.092857142857142
-11.092857142857142
-11.092857142857142
-11.092857142857142
-11.092857142857142
-11.259523809523808
-11.259523809523808
-11.259523809523808
-11.259523809523808
-11.259523809523808
-11.259523809523808
-11.259523809523808
-11.259523809523808
-11.259523809523808
-11.259523809523808
-11.259523809523808
-11.259523809523808
-11.259523809523808
-11.259523809523808
-11.259523809523808
-11.259523809523808
-11.259523809523808
-11.259523809523808
-11.259523809523808
-11.259523809523808
-11.259523809523808
-11.259523809523808
-11.259523809523808
-11.259523809523808
-11.259523809523808
-11.259523809523808
-11.259523809523808
-11.259523809523808
-11.259523809523808
-11.259523809523808
-11.259523809523808
-11.259523809523808
-11.259523809523808
-11.259523809523808
-11.259523809523808
-11.259523809523808
-11.259523809523808
-11.259523809523808
-11.259523809523808
-11.259523809523808
-11.259523809523808
-11.259523809523808
-11.259523809523808
-11.259523809523808
-11.259523809523808
-11.259523809523808
-11.259523809523808
-11.259523809523808
-11.259523809523808
-11.259523809523808
-11.259523809523808
-11.259523809523808
-11.259523809523808
-11.259523809523808
-11.292857142857141
-11.292857142857141
-11.292857142857141
-11.292857142857141
-11.292857142857141
-11.292857142857141
-11.292857142857141
-11.292857142857141
-11.292857142857141
-11.292857142857141
-11.292857142857141
-11.292857142857141
-11.292857142857141
-11.292857142857141
-11.292857142857141
-11.292857142857141
-11.292857142857141
-11.292857142857141
-11.292857142857141
-11.292857142857141
-11.376190476190475
-11.376190476190475
-11.376190476190475
-11.376190476190475
-11.376190476190475
-11.376190476190475
-11.376190476190475
-11.376190476190475
-11.376190476190475
-11.376190476190475
-11.426190476190476
-11.426190476190476
-11.426190476190476
-11.426190476190476
-11.426190476190476
-11.426190476190476
-11.426190476190476
-11.426190476190476
-11.426190476190476
-11.426190476190476
-11.476190476190476
-11.476190476190476
-11.476190476190476
-11.476190476190476
-11.476190476190476
-11.476190476190476
-11.476190476190476
-11.476190476190476
-11.476190476190476
-11.476190476190476
-11.476190476190476
-11.476190476190476
-11.476190476190476
-11.476190476190476
-11.476190476190476
-11.476190476190476
-11.476190476190476
-11.476190476190476
-11.476190476190476
-11.476190476190476
-11.476190476190476
-11.476190476190476
-11.476190476190476
-11.476190476190476
-11.476190476190476
-11.642857142857144
-11.726190476190478
-11.726190476190478
-11.726190476190478
-12.226190476190476
-12.226190476190476
-12.226190476190476
-12.226190476190476
-12.226190476190476
-12.226190476190476
-12.226190476190476
-12.226190476190476
-12.226190476190476
-12.226190476190476
-12.226190476190476
-12.226190476190476
-12.226190476190476
-12.226190476190476
-12.226190476190476
-12.226190476190476
-12.226190476190476
-12.226190476190476
-12.226190476190476
-12.226190476190476
-12.226190476190476
-12.226190476190476
-12.226190476190476
-12.226190476190476
-12.226190476190476
-12.226190476190476
-12.226190476190476
-12.226190476190476
-12.226190476190476
-12.226190476190476
-12.25
-12.25
-12.25
-12.25
-12.283333333333333
-12.283333333333333
-12.283333333333333
-12.283333333333333
-12.283333333333333
-12.283333333333333
-12.283333333333333
-12.283333333333333
-12.283333333333333
-12.283333333333333
-12.283333333333333
-12.283333333333333
-12.316666666666666
-12.316666666666666
-12.316666666666666
-12.316666666666666
-12.316666666666666
-12.316666666666666
-12.316666666666666
-12.316666666666666
-12.316666666666666
-12.316666666666666
-12.316666666666666
-12.399999999999999
-12.399999999999999
-12.399999999999999
-12.566666666666666
-12.566666666666666
-12.566666666666666
-12.566666666666666
-12.566666666666666
-12.566666666666666
-12.566666666666666
-12.566666666666666
-12.566666666666666
-12.566666666666666
-12.566666666666666
-12.566666666666666
-12.566666666666666
-12.566666666666666
-12.566666666666666
-12.566666666666666
-12.566666666666666
-12.566666666666666
-12.566666666666666
-12.566666666666666
-12.566666666666666
-12.566666666666666
-12.566666666666666
-12.566666666666666
-12.566666666666666
-12.566666666666666
-12.566666666666666
-12.566666666666666
-12.566666666666666
-12.566666666666666
-12.566666666666666
-12.566666666666666
-12.566666666666666
-12.566666666666666
-12.566666666666666
-12.566666666666666
-12.566666666666666
-12.566666666666666
-12.566666666666666
-12.566666666666666
-12.566666666666666
-12.566666666666666
-12.566666666666666
-12.566666666666666
-12.566666666666666
-12.566666666666666
-12.566666666666666
-12.566666666666666
-12.566666666666666
-12.566666666666666
-12.566666666666666
-12.566666666666666
-12.566666666666666
-12.566666666666666
-12.566666666666666
-12.566666666666666
-12.566666666666666
-12.566666666666666
-12.566666666666666
-12.566666666666666
-12.566666666666666
-12.566666666666666
-12.566666666666666
-12.566666666666666
-12.566666666666666
-12.566666666666666
-12.616666666666667
-12.666666666666668
-12.666666666666668
-12.666666666666668
-12.666666666666668
-12.666666666666668
-12.666666666666668
-12.666666666666668
-12.666666666666668
-12.666666666666668
-12.666666666666668
-12.666666666666668
-12.666666666666668
-12.666666666666668
-12.666666666666668
-12.666666666666668
-12.666666666666668
-12.666666666666668
-12.666666666666668
-12.666666666666668
-12.666666666666668
-12.666666666666668
-12.666666666666668
-12.666666666666668
-12.666666666666668
-12.666666666666668
-12.666666666666668
-12.666666666666668
-12.666666666666668
-12.666666666666668
-12.666666666666668
-12.666666666666668
-12.666666666666668
-12.666666666666668
-12.666666666666668
-12.666666666666668
-12.666666666666668
-12.666666666666668
-12.666666666666668
-12.666666666666668
-12.666666666666668
-12.666666666666668
-12.666666666666668
-12.666666666666668
-12.666666666666668
-12.666666666666668
-12.666666666666668
-12.666666666666668
-12.666666666666668
-12.666666666666668
-12.666666666666668
-12.666666666666668
-12.666666666666668
-12.666666666666668
-12.666666666666668
-12.666666666666668
-12.666666666666668
-12.666666666666668
-12.666666666666668
-12.666666666666668
-12.666666666666668
-12.666666666666668
-12.666666666666668
-12.666666666666668
-12.666666666666668
-12.666666666666668
-12.666666666666668
-12.666666666666668
-12.750000000000002
-12.750000000000002
-12.750000000000002
-12.750000000000002
-12.750000000000002
-12.750000000000002
-12.750000000000002
-12.750000000000002
-12.750000000000002
-12.750000000000002
-12.750000000000002
-12.750000000000002
-12.750000000000002
-12.750000000000002
-12.750000000000002
-12.750000000000002
-12.750000000000002
-12.750000000000002
-12.750000000000002
-12.750000000000002
-12.750000000000002
-12.750000000000002
-12.750000000000002
-12.750000000000002
-12.750000000000002
-12.750000000000002
-12.750000000000002
-12.750000000000002
-12.750000000000002
-12.750000000000002
-12.750000000000002
-12.750000000000002
-12.750000000000002
-12.750000000000002
-12.750000000000002
-12.750000000000002
-12.750000000000002
-12.750000000000002
-12.750000000000002
-12.750000000000002
-12.750000000000002
-12.750000000000002
-12.750000000000002
-12.750000000000002
-12.750000000000002
-12.750000000000002
-12.916666666666668
-12.916666666666668
-12.916666666666668
-12.916666666666668
-12.916666666666668
-12.916666666666668
-12.916666666666668
-12.916666666666668
-12.916666666666668
-12.916666666666668
-12.916666666666668
-12.916666666666668
-12.916666666666668
-12.916666666666668
-12.916666666666668
-12.916666666666668
-12.916666666666668
-12.916666666666668
-12.916666666666668
-12.916666666666668
-12.916666666666668
-12.916666666666668
-12.916666666666668
-12.916666666666668
-12.916666666666668
-12.916666666666668
-12.916666666666668
-12.916666666666668
-12.916666666666668
-12.916666666666668
-12.916666666666668
-12.916666666666668
-12.916666666666668
-12.916666666666668
-12.916666666666668
-12.916666666666668
-12.916666666666668
-12.916666666666668
-12.916666666666668
-12.916666666666668
-12.916666666666668
-12.916666666666668
-12.916666666666668
-12.916666666666668
-12.916666666666668
-12.916666666666668
-12.916666666666668
-12.916666666666668
-12.916666666666668
-12.916666666666668
-13.000000000000002
-13.000000000000002
-13.000000000000002
-13.000000000000002
-13.000000000000002
-13.000000000000002
-13.000000000000002
-13.000000000000002
-13.000000000000002
-13.000000000000002
-13.000000000000002
-13.000000000000002
-13.000000000000002
-13.000000000000002
-13.000000000000002
-13.000000000000002
-13.000000000000002
-13.000000000000002
-13.000000000000002
-13.000000000000002
-13.000000000000002
-13.000000000000002
-13.000000000000002
-13.000000000000002
-13.000000000000002
-13.000000000000002
-13.000000000000002
-13.000000000000002
-13.000000000000002
-13.000000000000002
-13.000000000000002
-13.000000000000002
-13.000000000000002
-13.000000000000002
-13.000000000000002
-13.000000000000002
-13.000000000000002
-13.000000000000002
-13.000000000000002
-13.000000000000002
-13.000000000000002
-13.000000000000002
-13.000000000000002
-13.000000000000002
-13.000000000000002
-13.000000000000002
-13.000000000000002
-13.000000000000002
-13.000000000000002
-13.000000000000002
-13.000000000000002
-13.000000000000002
-13.000000000000002
-13.000000000000002
-13.000000000000002
-13.000000000000002
-13.000000000000002
-13.000000000000002
-13.000000000000002
-13.000000000000002
-13.000000000000002
-13.000000000000002
-13.000000000000002
-13.000000000000002
-13.000000000000002
-13.000000000000002
-13.000000000000002
-13.000000000000002
-13.000000000000002
-13.000000000000002
-13.000000000000002
-13.000000000000002
-13.000000000000002
-13.000000000000002
-13.000000000000002
-13.000000000000002
-13.000000000000002
-13.000000000000002
-13.000000000000002
-13.000000000000002
-13.000000000000002
-13.000000000000002
-13.000000000000002
-13.000000000000002
-13.000000000000002
-13.000000000000002
-13.000000000000002
-13.000000000000002
-13.000000000000002
-13.000000000000002
-13.000000000000002
-13.000000000000002
-13.000000000000002
-13.000000000000002
-13.000000000000002
-13.000000000000002
-13.000000000000002
-13.000000000000002
-13.000000000000002
-13.000000000000002
-13.000000000000002
-13.000000000000002
-13.000000000000002
-13.000000000000002
-13.000000000000002
-13.000000000000002
-13.000000000000002
-13.000000000000002
-13.000000000000002
-13.000000000000002
-13.000000000000002
-13.000000000000002
-13.000000000000002
-13.000000000000002
-13.000000000000002
-13.000000000000002
-13.000000000000002
-13.000000000000002
-13.000000000000002
-13.000000000000002
-13.166666666666668
-13.166666666666668
-13.166666666666668
-13.166666666666668
-13.166666666666668
-13.166666666666668
-13.166666666666668
-13.166666666666668
-13.166666666666668
-13.166666666666668
-13.166666666666668
-13.166666666666668
-13.166666666666668
-13.166666666666668
-13.166666666666668
-13.166666666666668
-13.166666666666668
-13.166666666666668
-13.166666666666668
-13.166666666666668
-13.166666666666668
-13.166666666666668
-13.166666666666668
-13.166666666666668
-13.166666666666668
-13.166666666666668
-13.166666666666668
-13.166666666666668
-13.166666666666668
-13.166666666666668
-13.166666666666668
-13.166666666666668
-13.166666666666668
-13.166666666666668
-13.166666666666668
-13.166666666666668
-13.166666666666668
-13.166666666666668
-13.166666666666668
-13.166666666666668
-13.166666666666668
-13.166666666666668
-13.166666666666668
-13.166666666666668
-13.166666666666668
-13.166666666666668
-13.166666666666668
